champion,win,total_minions_killed,kills,assists,damage_dealt,total_healing,first_blood_kill,first_tower_kill,first_dragon,first_blood_win,first_tower_win,first_dragon_win,vision_score,game_duration
Leblanc,0.49523809523809526,147.3496598639456,6.239115646258504,6.4904761904761905,91251.87346938775,4311.942857142857,0.10306122448979592,0.017687074829931974,0.4993197278911565,0.5874587458745875,0.6346153846153846,0.6314713896457765,21.04625850340136,1508.078231292517
Yuumi,0.44554848966613675,8.35174880763116,1.7297297297297298,13.40302066772655,17667.294912559617,12326.10453100159,0.028616852146263912,0.013116057233704292,0.3783783783783784,0.4722222222222222,0.7575757575757576,0.6165966386554622,35.43402225755167,1452.3203497615261
Aatrox,0.477088948787062,151.64240790655884,4.37533692722372,5.255840071877808,108895.72753818509,9415.20260557053,0.07008086253369272,0.044923629829290206,0.4788858939802336,0.5801282051282052,0.67,0.6210131332082551,18.355795148247978,1488.4595687331537
Sylas,0.4740117130307467,112.27141288433383,5.703879941434846,6.337298682284041,103748.44070278184,9932.75915080527,0.09663250366032211,0.03587115666178624,0.4368594436310395,0.6136363636363636,0.6887755102040817,0.6397151235860913,19.415263543191802,1489.0805270863837
Varus,0.5101642996379838,178.46950710108604,5.750208855472013,7.32943469785575,120726.04455583403,1853.6925647451963,0.08771929824561403,0.05987190197716513,0.48454469507101083,0.6095238095238096,0.6697674418604651,0.6522988505747126,23.46895015316068,1512.3355611250347
Senna,0.5140769779044904,63.73948681397007,3.857982893799002,10.854953670705632,56866.369921596575,9177.241803278688,0.06254454739843193,0.038845331432644334,0.4716678545972915,0.5754985754985755,0.7798165137614679,0.6622591613146959,44.582145402708484,1494.081789023521
Ezreal,0.4933946860620454,173.4392162683687,5.4809262282915245,6.44797387561229,123917.35935876502,1543.598634407006,0.09618524565830489,0.039631883627727474,0.44990351788629956,0.6188271604938271,0.8014981273408239,0.6446717255031342,18.400623422888525,1506.7013507495917
Lissandra,0.4926829268292683,153.49430894308944,4.702439024390244,9.689430894308943,111437.33170731708,2687.8439024390245,0.04878048780487805,0.04065040650406504,0.42276422764227645,0.5333333333333333,0.56,0.6269230769230769,18.056910569105693,1461.8243902439024
Akali,0.49785612196283946,159.8532634587899,6.468794664125774,5.217722725107194,106015.9518818485,5836.400666984278,0.09528346831824679,0.0266793711291091,0.47070033349213913,0.54,0.7142857142857143,0.652834008097166,17.93044306812768,1497.5902810862315
RekSai,0.509704027171276,23.811984473556524,5.742600679281902,6.765890344492965,124426.38937409024,11544.623726346434,0.17540029112081515,0.10868510431829209,0.5300824842309558,0.6141078838174274,0.6294642857142857,0.6434782608695652,32.10698689956332,1518.116205725376
Lucian,0.4817286834640414,176.26647755715,5.4189888202903385,5.936926414149841,127688.38011012848,1883.9112297680626,0.12230936092107458,0.05740030035040881,0.49758051059569497,0.5648021828103683,0.7063953488372093,0.6109993293091884,22.305689971633573,1516.1703654263308
Ekko,0.5002821139740455,78.89448937370697,6.479405679894677,6.547865337596389,137503.325935678,11048.118675945081,0.0942260673312018,0.06338160616889223,0.4242994169644536,0.6307385229540918,0.7032640949554896,0.6569148936170213,23.77167575700583,1504.596577017115
Maokai,0.5171658144631117,119.23520818115412,2.8115412710007304,9.510591672753835,86155.60774287801,8568.63403944485,0.05843681519357195,0.02337472607742878,0.46384222059897734,0.6125,0.6875,0.6708661417322834,17.787436084733383,1463.1154127100074
Jayce,0.5004816955684007,163.39161849710982,5.453275529865126,6.766859344894027,122128.9253371869,2448.9869942196533,0.0968208092485549,0.06551059730250482,0.447495183044316,0.6268656716417911,0.6764705882352942,0.6480086114101185,23.510115606936417,1477.4614643545278
Renekton,0.5002454590083456,175.5321551300933,4.261168384879725,5.5208640157093765,124064.6561119293,6570.7385861561115,0.10235640648011782,0.07977417771232204,0.4899361806578301,0.592326139088729,0.6123076923076923,0.6422845691382766,20.142857142857142,1506.5773195876288
Sivir,0.4766187050359712,165.52338129496403,5.886690647482014,11.870503597122303,138510.00899280576,2112.872302158273,0.09712230215827339,0.05575539568345324,0.3579136690647482,0.5185185185185185,0.7419354838709677,0.6331658291457286,15.598920863309353,1424.0881294964029
Elise,0.5280266722233798,25.160033340279224,5.6947280683475725,7.51093977912065,116221.94019587414,6662.98583038133,0.18212127526568034,0.10439674932277558,0.4896853511148156,0.5983981693363845,0.6626746506986028,0.6685106382978724,36.799749947905816,1516.963742446343
TahmKench,0.5438184663536776,60.61189358372457,1.550078247261346,9.71205007824726,32358.2848200313,4324.760172143975,0.04773082942097027,0.020735524256651018,0.49608763693270735,0.5819672131147541,0.7924528301886793,0.6900630914826499,37.22300469483568,1497.50117370892
Viktor,0.5105348460291734,162.47487844408428,5.855753646677472,8.6709886547812,131644.7585089141,1794.2544570502432,0.07455429497568881,0.03079416531604538,0.3987034035656402,0.5869565217391305,0.7894736842105263,0.6341463414634146,17.93517017828201,1502.6807131280389
Alistar,0.5249169435215947,28.23421926910299,1.951827242524917,12.794019933554818,21326.01079734219,6738.730066445182,0.03737541528239203,0.007475083056478406,0.4186046511627907,0.6222222222222222,0.5555555555555556,0.6765873015873016,44.01661129568107,1458.9667774086379
Kalista,0.5161071549677857,178.4879620210241,5.950491692099017,6.260427263479145,125107.6985418786,2655.985418786029,0.15768056968463887,0.07290606985418786,0.5208545269582909,0.5870967741935483,0.6558139534883721,0.634765625,22.458121397083758,1464.1234316717532
LeeSin,0.49560769487379075,25.546869787612586,6.0756143667296785,7.769709774268875,123076.20582675414,6526.834871566774,0.18759034804848215,0.07917268986989881,0.5618814633603915,0.6129223473621814,0.6910112359550562,0.6172570750049475,25.156899810964084,1505.3522739908817
Mordekaiser,0.47981183849470793,154.92551940415524,4.815366522932184,5.045080360642885,112293.3155625245,6481.823206585653,0.061936495491963936,0.029400235201881616,0.5060760486083888,0.5759493670886076,0.64,0.6065065840433772,17.37671501372011,1502.0121520972168
Nautilus,0.48764745159136436,38.46694858669041,1.8435343868239484,10.279768528822613,28354.030714444692,1073.7429334520366,0.0583129312263521,0.007789895392833296,0.49922101046071665,0.5152671755725191,0.7142857142857143,0.6259473918858671,46.945915869129756,1496.1954150901402
Zoe,0.5188056273327591,158.37668676428368,5.452483491243181,7.0017226528854435,110990.54263565892,3769.475739305197,0.10077519379844961,0.03186907838070629,0.5400516795865633,0.6324786324786325,0.7657657657657657,0.63264221158958,20.723514211886304,1511.5638817111685
Poppy,0.4949640287769784,111.58057553956834,3.9611510791366906,7.736690647482014,92954.98848920863,3488.336690647482,0.11223021582733812,0.04028776978417266,0.4503597122302158,0.5064102564102564,0.6607142857142857,0.6373801916932907,22.63884892086331,1524.2812949640288
Shen,0.516245487364621,92.96389891696751,3.1435018050541514,10.858303249097473,60780.160649819496,2211.8393501805053,0.07490974729241877,0.015342960288808664,0.4927797833935018,0.5783132530120482,0.8235294117647058,0.6428571428571429,30.721119133574007,1507.5794223826715
Sett,0.5055013172167984,131.4311173097784,4.216643421664342,6.3508445684177905,96930.0113125678,2767.830311483031,0.11142104447543778,0.08027274136060747,0.4740430807376414,0.5980528511821975,0.6795366795366795,0.6479241582216411,24.561444289477762,1496.692546102588
Gangplank,0.4863297431648716,172.963545981773,4.370339685169842,7.574150787075394,163427.51449875726,6134.986743993372,0.10107705053852527,0.0579950289975145,0.47224523612261804,0.6475409836065574,0.6714285714285714,0.6385964912280702,17.495443247721624,1511.96685998343
MissFortune,0.5149387305521135,188.74900178989398,5.431226765799257,7.050530083987333,137766.72063885446,1279.4540823351233,0.09169764560099132,0.0583780806829134,0.46551011978521273,0.6246246246246246,0.75,0.6586808636498077,21.900316673550876,1514.8837945752443
Zac,0.488248673237301,59.153904473085674,3.533737680060652,10.269143290371494,93692.9173616376,24423.495830174375,0.05307050796057619,0.02880970432145565,0.3752843062926459,0.5142857142857142,0.7105263157894737,0.6828282828282828,26.0909780136467,1495.0144048521606
Yasuo,0.46490835940992403,165.3383996423782,5.728654447921323,6.242288779615556,132401.0143048726,3636.534197586053,0.12561466249441217,0.03799731783638802,0.4295932051855163,0.5836298932384342,0.7294117647058823,0.6149843912591051,17.289226642825213,1490.142154671435
Kaisa,0.4800623746936957,178.34595678324794,6.302294497660949,6.316997104032079,124927.59166852306,2261.3675651592785,0.14903096458008466,0.04076631766540432,0.4624638004009802,0.5695067264573991,0.7377049180327869,0.6295761078998073,20.310091334372913,1490.9269325016708
Anivia,0.49812734082397003,135.8314606741573,4.842696629213483,9.857677902621722,98599.23595505618,3742.1011235955057,0.04868913857677903,0.0149812734082397,0.37453183520599254,0.5384615384615384,0.5,0.69,17.01498127340824,1448.112359550562
MonkeyKing,0.5297549591598599,122.46791131855309,6.274212368728121,6.7397899649941655,102404.79813302217,4237.617269544924,0.1528588098016336,0.07234539089848308,0.4224037339556593,0.6106870229007634,0.6451612903225806,0.7182320441988951,18.373395565927655,1477.4539089848308
Olaf,0.5082768999247554,49.67720090293454,5.700526711813393,6.04326561324304,135940.3720842739,9121.412340105342,0.13882618510158012,0.09668924003009782,0.6038374717832957,0.6287262872628726,0.7003891050583657,0.6149532710280374,26.05492851768247,1503.2889390519188
Yorick,0.4883720930232558,161.54651162790697,4.209302325581396,7.1976744186046515,132265.77906976745,5734.360465116279,0.046511627906976744,0.09302325581395349,0.37209302325581395,1.0,0.625,0.53125,15.337209302325581,1495.9418604651162
Tristana,0.46938775510204084,148.21020408163264,7.422448979591837,7.428571428571429,123304.87755102041,2013.761224489796,0.1306122448979592,0.08163265306122448,0.4020408163265306,0.59375,0.55,0.649746192893401,17.144897959183673,1434.1551020408162
Taric,0.5468473777253977,34.03358868591632,1.3199764289923395,12.301119622863878,26774.16617560401,9774.275191514438,0.04478491455509723,0.01767825574543312,0.5020624631703006,0.6052631578947368,0.8666666666666667,0.6666666666666666,41.14790807307013,1467.4225103123158
Kindred,0.5260514752040176,60.207156308851225,6.743879472693032,7.263025737602009,130976.58380414313,9242.898932831136,0.20966729441305712,0.08725674827369742,0.5072190834902699,0.6736526946107785,0.7482014388489209,0.6547029702970297,25.50094161958569,1457.610797237916
Irelia,0.4662609155861339,185.32521831172267,5.643821116697539,4.941783540619212,130861.11802064038,5855.685631119344,0.13469171738555175,0.048160889124106904,0.48081503043133106,0.5834970530451866,0.6923076923076923,0.5960374243258117,17.746229161153746,1495.4906059804182
Aphelios,0.5061063218390804,181.72665229885058,5.417025862068965,6.212104885057471,134962.1576867816,2335.6945043103447,0.08171695402298851,0.10111350574712644,0.5066451149425287,0.610989010989011,0.7602131438721137,0.6366536689117335,20.658943965517242,1504.930316091954
Ashe,0.5003903200624512,151.3567525370804,5.043715846994536,10.40671350507416,105005.03512880563,1912.8579234972678,0.12021857923497267,0.06557377049180328,0.42544886807181886,0.6428571428571429,0.7261904761904762,0.6256880733944954,21.725214676034348,1464.7322404371585
Gragas,0.4765990639625585,29.946957878315132,4.514040561622465,8.922776911076443,113058.08775351015,9548.35647425897,0.09438377535101404,0.05811232449297972,0.4091263650546022,0.5743801652892562,0.6912751677852349,0.6358436606291706,33.56630265210608,1528.5889235569423
Katarina,0.5,149.13915857605178,7.850323624595469,6.3794498381877025,105751.16343042071,5057.065533980583,0.09546925566343042,0.021844660194174758,0.4482200647249191,0.6271186440677966,0.7777777777777778,0.6660649819494585,15.237864077669903,1481.9660194174758
Darius,0.4940898345153664,151.38140267927503,5.623325453112687,5.162332545311268,101484.3987391647,4498.9905437352245,0.1347517730496454,0.06619385342789598,0.44602048857368004,0.6081871345029239,0.6785714285714286,0.6395759717314488,17.040977147360127,1499.6256895193064
JarvanIV,0.4725,27.696,4.2795,12.1285,106476.46,6874.339,0.146,0.0675,0.507,0.5513698630136986,0.6444444444444445,0.6035502958579881,30.475,1498.505
Pyke,0.48760884125920967,45.47421299397187,6.1500334896182185,7.715673141326189,28107.040522438045,3829.1908908238447,0.07133288680509042,0.011386470194239785,0.4651707970529136,0.596244131455399,0.7058823529411765,0.6169906407487401,55.167782987273945,1499.632953784327
Rakan,0.5240847784200385,28.18432883750803,1.716763005780347,13.059730250481696,18975.458574181117,3725.635195889531,0.04945407835581246,0.012845215157353885,0.4945407835581246,0.6493506493506493,0.65,0.6649350649350649,53.761078998073216,1506.858702633269
Fiddlesticks,0.4867807153965785,29.21928460342146,3.56298600311042,12.64696734059098,43312.19129082426,3042.2115085536548,0.06531881804043546,0.01088646967340591,0.39968895800933124,0.5714285714285714,0.7142857142857143,0.6653696498054474,39.80093312597201,1446.6640746500777
Pantheon,0.5279305354558611,135.07641099855283,5.92561505065123,7.297829232995658,95461.31519536902,3975.1227206946455,0.17047756874095513,0.022865412445730825,0.5111432706222866,0.6044142614601019,0.5949367088607594,0.6647791619479049,22.091172214182343,1516.9713458755427
Fiora,0.5096085409252669,165.88398576512455,5.027046263345196,4.091103202846975,120433.6284697509,6547.744483985765,0.13523131672597866,0.09181494661921709,0.4498220640569395,0.6368421052631579,0.7674418604651163,0.6487341772151899,16.6491103202847,1456.5729537366549
Graves,0.5043528728961114,54.113755078351716,6.326755658734765,7.849680789320952,169005.34358676727,6380.416715031921,0.1485780615206036,0.07893209518282066,0.4689495066744051,0.60546875,0.6617647058823529,0.6460396039603961,27.737666860127685,1522.0092861288451
Thresh,0.5118224223902204,30.097152967669295,1.6495094096831269,12.012385394884992,20176.56554608332,1439.4738619913142,0.06224867299340518,0.009811806337461799,0.5180955444748271,0.5788113695090439,0.639344262295082,0.6348959950325985,51.40405340196236,1524.264597072543
Draven,0.4798387096774194,162.6673387096774,5.957661290322581,6.945564516129032,125815.8125,1597.3326612903227,0.13306451612903225,0.08870967741935484,0.4798387096774194,0.5757575757575758,0.8409090909090909,0.6050420168067226,18.328629032258064,1447.5665322580646
Kassadin,0.5206310679611651,156.8118932038835,6.962378640776699,5.933252427184466,110999.8677184466,6093.269417475728,0.038834951456310676,0.01820388349514563,0.39805825242718446,0.5625,0.8,0.676829268292683,17.108009708737864,1458.9089805825242
Rumble,0.4790946243319711,131.19773656082992,4.756680289217227,7.82049669915121,92382.10751336058,2251.6362779000315,0.077648538195536,0.01571832756994656,0.5092738132662684,0.5344129554655871,0.7,0.6185185185185185,26.40584721785602,1521.8079220370953
Ivern,0.5372340425531915,15.420212765957446,2.492021276595745,13.204787234042554,258795.43882978722,4680.061170212766,0.0797872340425532,0.05585106382978723,0.2526595744680851,0.5666666666666667,0.8571428571428571,0.8,21.53723404255319,1435.8510638297873
Bard,0.5325977933801405,26.874122367101304,2.2301905717151453,12.131895687061183,23543.86885656971,6154.1950852557675,0.04037111334002006,0.0062688064192577735,0.49623871614844534,0.6211180124223602,0.88,0.6796361798888327,63.38966900702106,1517.108074222668
Morgana,0.4681460272011453,29.341445955619182,2.4545454545454546,12.911954187544739,28430.785254115963,2690.879742304939,0.05798138869005011,0.008589835361488905,0.42376521116678595,0.5555555555555556,0.9166666666666666,0.581081081081081,45.118110236220474,1484.9470293486042
Leona,0.4877488514548239,32.08614088820827,1.653905053598775,10.531010719754978,21657.467457886676,1137.2591883614089,0.04938744257274119,0.01110260336906585,0.5130168453292496,0.5658914728682171,0.7241379310344828,0.6261194029850746,51.377871362940276,1507.1688361408883
Kennen,0.523508137432188,159.62025316455697,4.564195298372513,6.532549728752261,102107.00271247739,3455.8019891500903,0.05605786618444846,0.04430379746835443,0.49909584086799275,0.6129032258064516,0.8163265306122449,0.6485507246376812,19.763110307414106,1504.9764918625679
Karthus,0.5166229221347332,50.821522309711284,7.150043744531933,8.720472440944881,171157.71216097986,9019.019247594051,0.11023622047244094,0.052930883639545054,0.5048118985126859,0.6547619047619048,0.628099173553719,0.6568457538994801,21.336832895888016,1517.9693788276466
Qiyana,0.518796992481203,130.33732057416267,7.285714285714286,6.250170881749829,107326.23889268626,4683.484962406015,0.11449077238550923,0.021189336978810664,0.4395078605604921,0.6268656716417911,0.7419354838709677,0.6912908242612753,30.669856459330145,1515.155844155844
Blitzcrank,0.502048417132216,28.86517690875233,2.135567970204842,11.023463687150837,21564.530353817503,1308.9020484171322,0.04692737430167598,0.01154562383612663,0.4446927374301676,0.5396825396825397,0.7419354838709677,0.661641541038526,46.88007448789572,1500.5962756052143
Vladimir,0.5226814516129032,167.33316532258064,4.779737903225806,5.777217741935484,121162.60030241935,19257.680443548386,0.051915322580645164,0.024193548387096774,0.4501008064516129,0.5436893203883495,0.7708333333333334,0.6819708846584547,16.34576612903226,1489.8014112903227
Garen,0.518463810930576,150.95273264401771,5.827178729689808,5.14327917282127,108137.26144756278,2643.833825701625,0.0982274741506647,0.07459379615952733,0.4202363367799114,0.6390977443609023,0.7425742574257426,0.671353251318102,17.212703101920237,1476.8574593796159
Jinx,0.4706422018348624,170.00366972477065,6.106422018348624,8.137614678899082,132754.0871559633,1911.6211009174312,0.08623853211009175,0.061467889908256884,0.41100917431192663,0.6595744680851063,0.6567164179104478,0.640625,17.85137614678899,1465.3247706422019
Taliyah,0.5129821958456974,75.36980712166172,6.3527448071216615,8.389836795252226,121597.53189910979,6377.261498516321,0.142433234421365,0.048590504451038574,0.45178041543026703,0.6067708333333334,0.7175572519083969,0.6715927750410509,29.048961424332344,1517.9922106824927
Vayne,0.5049833887043189,150.4559800664452,6.1096345514950166,6.2425249169435215,100128.0415282392,2402.0249169435215,0.11710963455149502,0.030730897009966777,0.436046511627907,0.6170212765957447,0.8108108108108109,0.6742857142857143,17.63704318936877,1455.4426910299003
Galio,0.4952240999265246,115.1756061719324,3.736223365172667,9.972079353416605,83525.8861131521,1469.5363703159442,0.07861866274797942,0.01689933872152829,0.46877296105804556,0.5794392523364486,0.8260869565217391,0.6159874608150471,24.166054371785453,1478.3673769287288
Fizz,0.5170583775587566,151.24033358605004,7.133434420015163,6.130401819560273,92560.63608794542,2917.606520090978,0.10007581501137225,0.026535253980288095,0.45109931766489764,0.6060606060606061,0.6571428571428571,0.653781512605042,24.763457164518574,1478.0144048521606
Ahri,0.5043859649122807,132.83187134502924,5.461988304093567,10.198830409356725,94224.45029239765,2815.372807017544,0.06725146198830409,0.043859649122807015,0.37280701754385964,0.6086956521739131,0.6333333333333333,0.6392156862745098,17.612573099415204,1496.9502923976609
Nidalee,0.5098103335513408,29.099738391105298,6.351863963374755,7.760954872465664,150086.91530412034,14649.32472204055,0.17952910398953564,0.09679529103989536,0.5101373446697187,0.6193078324225865,0.652027027027027,0.6410256410256411,32.50163505559189,1475.3086984957488
Talon,0.540132770066385,154.09957754978876,7.491249245624623,6.030175015087508,113589.64695232347,3189.7833433916717,0.16173808086904043,0.02051901025950513,0.4779722389861195,0.6231343283582089,0.9117647058823529,0.6654040404040404,22.232347616173808,1511.6216053108026
Jax,0.5112419700214133,157.15203426124197,4.995717344753747,4.187366167023555,120752.77676659529,4738.786937901499,0.09903640256959315,0.07173447537473233,0.458779443254818,0.654054054054054,0.746268656716418,0.6721120186697783,17.325481798715202,1503.2633832976446
XinZhao,0.48412698412698413,28.857142857142858,5.738095238095238,7.529761904761905,116813.64087301587,11848.38492063492,0.20634920634920634,0.0992063492063492,0.5654761904761905,0.6730769230769231,0.7,0.6385964912280702,28.728174603174605,1467.5337301587301
Karma,0.4805194805194805,41.01242236024845,2.343873517786561,11.881987577639752,39593.90796160361,3002.0773574251834,0.06662902315076229,0.023715415019762844,0.5019762845849802,0.6440677966101694,0.5476190476190477,0.6209223847019123,45.06324110671937,1504.7351778656127
Cassiopeia,0.5025873221216042,167.41073738680467,5.600905562742561,6.43078913324709,114083.82212160414,6632.462483829237,0.10155239327296249,0.025226390685640362,0.48124191461837,0.5859872611464968,0.7435897435897436,0.6545698924731183,19.43078913324709,1503.9314359637774
Orianna,0.46800947867298576,155.18127962085308,5.059241706161138,10.436018957345972,113555.76303317536,2205.28672985782,0.0533175355450237,0.02014218009478673,0.41232227488151657,0.5333333333333333,0.8235294117647058,0.5919540229885057,18.356635071090047,1475.2760663507108
Jhin,0.48549323017408125,166.7865892972276,6.110251450676983,9.36234687298517,133050.08897485494,2907.8027079303674,0.11605415860735009,0.04513217279174726,0.4448742746615087,0.5777777777777777,0.7142857142857143,0.6101449275362318,17.188910380399744,1501.7814313346228
Sejuani,0.45146726862302483,34.793453724604966,3.6038374717832955,9.904063205417607,116999.58916478555,6578.0959367945825,0.10270880361173815,0.06659142212189616,0.43792325056433407,0.6153846153846154,0.6440677966101694,0.5902061855670103,27.598194130925506,1497.3668171557563
Camille,0.5112016293279023,140.61608961303463,5.588594704684318,5.569246435845214,107978.5351323829,3444.710285132383,0.1369653767820774,0.05957230142566192,0.45875763747454174,0.6133828996282528,0.7777777777777778,0.6625971143174251,18.276476578411405,1473.5376782077394
Syndra,0.505432420686658,173.43242068665796,4.993046501521078,6.704041720990873,122827.85006518905,2442.767926988266,0.08257279443720121,0.03302911777488049,0.5076053889613211,0.6578947368421053,0.7763157894736842,0.6309931506849316,20.119078661451542,1509.328552803129
Caitlyn,0.48305606900800985,169.48428835489833,5.718422674060382,7.578558225508318,132839.66112138017,2312.0542205791744,0.10844115834873691,0.08564386937769562,0.45902649414664204,0.6022727272727273,0.6762589928057554,0.6080536912751678,19.12569316081331,1488.8243992606285
Braum,0.49781976744186046,29.169331395348838,1.0799418604651163,12.864098837209303,20195.16715116279,2111.952034883721,0.02616279069767442,0.00436046511627907,0.4622093023255814,0.3888888888888889,0.5,0.6305031446540881,47.41351744186046,1519.4469476744187
Volibear,0.5161676646706587,72.45269461077844,3.820359281437126,9.389221556886227,53592.82994011976,1814.723353293413,0.09101796407185629,0.0407185628742515,0.49700598802395207,0.631578947368421,0.7352941176470589,0.6481927710843374,34.98562874251497,1468.3329341317365
Rengar,0.5047846889952153,111.23923444976077,6.062200956937799,5.8971291866028706,107864.41028708134,7552.188995215311,0.17583732057416268,0.0645933014354067,0.46291866028708134,0.5578231292517006,0.6851851851851852,0.6718346253229974,18.30622009569378,1466.4952153110048
TwistedFate,0.5350140056022409,157.17273576097105,4.1344537815126055,8.685340802987861,112328.00373482726,3742.062558356676,0.059757236227824466,0.025210084033613446,0.45284780578898226,0.6875,0.6666666666666666,0.6783505154639176,17.841269841269842,1466.2689075630253
Chogath,0.44583333333333336,124.89166666666667,6.352083333333334,9.477083333333333,101016.01458333334,5545.660416666667,0.05416666666666667,0.022916666666666665,0.38125,0.4230769230769231,0.9090909090909091,0.5792349726775956,15.783333333333333,1457.5166666666667
Ornn,0.48345070422535213,147.79084507042253,2.983098591549296,8.107042253521128,95400.57781690141,2543.638028169014,0.04647887323943662,0.02007042253521127,0.4669014084507042,0.5151515151515151,0.8245614035087719,0.6206636500754148,18.601408450704227,1528.161971830986
Sion,0.5106382978723404,98.71063829787234,4.727659574468085,11.974468085106382,79366.15319148936,2097.404255319149,0.05106382978723404,0.029787234042553193,0.32340425531914896,0.5,0.5714285714285714,0.6973684210526315,16.608510638297872,1408.6382978723404
Soraka,0.5284683239775461,62.707297514033684,1.5228548516439455,13.700882117080994,39978.13552526062,18719.483560545308,0.052125100240577385,0.012830793905372895,0.4442662389735365,0.7384615384615385,0.8125,0.6642599277978339,30.993584603047314,1478.0417000801924
Ziggs,0.46296296296296297,157.1969696969697,4.643097643097643,10.675084175084175,134811.43265993267,2035.4646464646464,0.06060606060606061,0.18013468013468015,0.38552188552188554,0.4722222222222222,0.5887850467289719,0.6069868995633187,16.6010101010101,1481.5925925925926
Azir,0.48500881834215165,171.57142857142858,5.1534391534391535,7.185185185185185,126472.64197530864,2236.2028218694886,0.054673721340388004,0.04585537918871252,0.43209876543209874,0.6774193548387096,0.7692307692307693,0.6408163265306123,19.761904761904763,1500.1710758377426
Illaoi,0.4592833876221498,150.14657980456025,4.644951140065147,7.14657980456026,128180.79153094463,7586.511400651466,0.05211726384364821,0.05863192182410423,0.36807817589576547,0.625,0.7777777777777778,0.6548672566371682,13.091205211726384,1493.4592833876222
Lulu,0.5287730727470141,54.17915309446254,2.2953311617806733,13.232356134636264,38718.946796959826,2190.8805646036917,0.06948968512486428,0.01737242128121607,0.44082519001085774,0.734375,0.875,0.6502463054187192,34.00108577633008,1449.5320304017373
Kayle,0.5116640746500778,155.32503888024883,5.141524105754277,8.26905132192846,118729.99222395023,8250.622083981338,0.03732503888024884,0.038880248833592534,0.4618973561430793,0.5833333333333334,0.76,0.6161616161616161,16.846034214618975,1440.6220839813375
Kled,0.4838709677419355,144.3778801843318,4.707373271889401,6.778801843317972,99312.20852534562,2789.0587557603685,0.14516129032258066,0.05184331797235023,0.4700460829493088,0.5555555555555556,0.5333333333333333,0.6617647058823529,17.82488479262673,1472.9735023041474
Heimerdinger,0.49445324881141045,141.3755942947702,4.63391442155309,9.202852614896988,106546.72266244057,1567.2931854199683,0.05229793977812995,0.0554675118858954,0.48177496038034867,0.6060606060606061,0.6571428571428571,0.6348684210526315,16.954041204437402,1490.2076069730585
Twitch,0.5261538461538462,106.31384615384616,8.996923076923077,11.286153846153846,105371.48,2763.243076923077,0.15692307692307692,0.06769230769230769,0.3323076923076923,0.6862745098039216,0.7272727272727273,0.7037037037037037,13.544615384615385,1392.2492307692307
Quinn,0.4711111111111111,145.38888888888889,5.857777777777778,7.58,107556.45555555556,1490.0977777777778,0.08444444444444445,0.024444444444444446,0.44,0.47368421052631576,0.6363636363636364,0.6313131313131313,20.04888888888889,1477.7622222222221
Xayah,0.4626334519572954,182.19430604982207,5.325978647686833,7.204982206405694,137882.30889679716,1784.0754448398577,0.09323843416370106,0.05195729537366548,0.46405693950177934,0.5954198473282443,0.7123287671232876,0.6165644171779141,19.847686832740212,1516.1523131672598
Malzahar,0.45145631067961167,131.2233009708738,5.043689320388349,13.116504854368932,110060.14077669903,1593.2233009708739,0.038834951456310676,0.06796116504854369,0.23786407766990292,0.625,0.5,0.6530612244897959,13.305825242718447,1399.9514563106795
Zed,0.49777777777777776,148.776,7.940444444444444,6.061333333333334,108249.46044444444,2267.688,0.10577777777777778,0.02311111111111111,0.4231111111111111,0.5966386554621849,0.8461538461538461,0.6386554621848739,24.042666666666666,1504.4142222222222
Tryndamere,0.5036179450072359,172.20984081041968,5.474674384949349,4.953690303907381,150988.3516642547,8593.609261939218,0.11432706222865413,0.085383502170767,0.4442836468885673,0.5822784810126582,0.7457627118644068,0.6482084690553745,15.821997105643995,1483.755426917511
Neeko,0.498567335243553,124.68624641833811,4.916905444126074,9.829512893982807,94819.10744985673,1829.3667621776503,0.08739255014326648,0.034383954154727794,0.4183381088825215,0.639344262295082,0.625,0.6678082191780822,20.73925501432665,1447.095988538682
Nasus,0.4639175257731959,115.01546391752578,5.664948453608248,10.70103092783505,109288.57216494845,2159.175257731959,0.041237113402061855,0.061855670103092786,0.3402061855670103,0.625,0.6666666666666666,0.5454545454545454,9.128865979381443,1382.2474226804125
Ryze,0.47415185783521807,171.84733441033924,5.125201938610663,7.150242326332795,153231.3481421648,6156.139741518578,0.08077544426494346,0.025040387722132473,0.41922455573505657,0.58,0.7741935483870968,0.5973025048169557,18.617932148626817,1478.4644588045235
Malphite,0.5174953959484346,91.10497237569061,5.931860036832412,11.16206261510129,76295.28360957642,1783.8489871086556,0.06261510128913444,0.022099447513812154,0.35911602209944754,0.5882352941176471,0.8333333333333334,0.6461538461538462,14.48987108655617,1435.5046040515654
Diana,0.4740673339399454,132.02911737943586,6.08007279344859,7.102820746132848,123633.34849863512,3965.7907188353047,0.08644222020018198,0.05823475887170155,0.4021838034576888,0.5578947368421052,0.609375,0.6199095022624435,18.511373976342128,1481.4713375796177
Nocturne,0.5213089802130898,143.4794520547945,5.880517503805175,5.8812785388127855,124481.51674277017,4434.861491628615,0.0943683409436834,0.05251141552511415,0.4573820395738204,0.6451612903225806,0.7391304347826086,0.6622296173044925,22.136225266362253,1478.75799086758
Trundle,0.5146443514644351,43.69665271966527,4.2907949790794975,11.361924686192468,97130.30753138075,13818.943514644352,0.11297071129707113,0.07740585774058577,0.4581589958158996,0.5925925925925926,0.7027027027027027,0.6529680365296804,26.97489539748954,1459.1548117154812
Nunu,0.5472727272727272,37.305454545454545,5.16,12.807272727272727,117378.88909090908,14558.485454545455,0.09636363636363636,0.07454545454545454,0.5218181818181818,0.6037735849056604,0.7804878048780488,0.6341463414634146,20.79090909090909,1463.6418181818183
Kayn,0.4829443447037702,35.502692998204665,7.317773788150808,7.840215439856373,125984.24775583483,11593.333931777379,0.11669658886894076,0.03411131059245961,0.36804308797127466,0.6461538461538462,0.6842105263157895,0.6195121951219512,22.29443447037702,1466.4865350089767
Janna,0.5032840722495895,26.629720853858785,2.1182266009852215,13.734811165845649,26362.621510673234,6322.796387520525,0.05582922824302135,0.019704433497536946,0.4351395730706076,0.5735294117647058,0.5833333333333334,0.6320754716981132,46.07307060755337,1471.7840722495896
Zilean,0.5074478649453823,97.05362462760675,2.76266137040715,11.631578947368421,69807.90168818273,5834.149950347567,0.0407149950347567,0.011916583912611719,0.4170804369414101,0.4146341463414634,0.5,0.6642857142857143,28.392254220456802,1477.6335650446872
Singed,0.5307692307692308,130.35192307692307,3.8230769230769233,10.886538461538462,93610.85961538462,4034.1384615384613,0.05961538461538462,0.019230769230769232,0.4634615384615385,0.6774193548387096,1.0,0.6514522821576764,15.444230769230769,1453.9826923076923
Shyvana,0.49899396378269617,47.62374245472837,6.358148893360161,8.331991951710261,148775.61368209255,9000.420523138833,0.06237424547283702,0.06841046277665996,0.5392354124748491,0.6451612903225806,0.7352941176470589,0.6044776119402985,26.720321931589538,1441.8108651911468
Hecarim,0.49635036496350365,89.58637469586375,6.7274939172749395,8.031630170316301,114859.01703163017,9611.834549878346,0.11435523114355231,0.0364963503649635,0.4209245742092457,0.6382978723404256,0.6666666666666666,0.6820809248554913,17.503649635036496,1430.9732360097323
Evelynn,0.5255474452554745,23.39051094890511,8.55109489051095,7.430656934306569,131197.91605839416,7644.007299270073,0.0948905109489051,0.0364963503649635,0.3613138686131387,0.7692307692307693,0.7,0.6262626262626263,21.937956204379564,1539.051094890511
Khazix,0.5013927576601671,39.23398328690808,8.930362116991644,7.83008356545961,122328.96935933147,10750.208913649025,0.12256267409470752,0.05013927576601671,0.4178272980501393,0.6818181818181818,0.6666666666666666,0.66,24.67409470752089,1451.9387186629526
Amumu,0.49029126213592233,33.94660194174757,5.912621359223301,15.276699029126213,89108.27669902913,4686.252427184466,0.05825242718446602,0.019417475728155338,0.2621359223300971,0.6666666666666666,0.5,0.5740740740740741,13.631067961165048,1418.8349514563106
AurelionSol,0.5051546391752577,149.39175257731958,5.479381443298969,9.492268041237113,108497.32474226804,4294.979381443299,0.06958762886597938,0.015463917525773196,0.44072164948453607,0.6666666666666666,0.5,0.6257309941520468,17.5979381443299,1513.889175257732
Lux,0.459412780656304,54.500863557858374,4.59412780656304,14.854922279792746,55451.92400690846,1795.6597582037996,0.0535405872193437,0.017271157167530225,0.32124352331606215,0.5483870967741935,0.8,0.6236559139784946,26.015544041450777,1394.3454231433507
Skarner,0.5378787878787878,80.1590909090909,3.5681818181818183,10.295454545454545,82755.62878787878,3094.219696969697,0.05303030303030303,0.06060606060606061,0.42424242424242425,0.5714285714285714,0.875,0.6785714285714286,19.310606060606062,1392.439393939394
Velkoz,0.5323741007194245,84.13669064748201,6.118705035971223,13.097122302158274,82412.07913669065,1498.0035971223022,0.07194244604316546,0.046762589928057555,0.3345323741007194,0.65,0.6923076923076923,0.6344086021505376,23.41007194244604,1459.3956834532373
Corki,0.42857142857142855,120.38392857142857,7.879464285714286,13.46875,112874.79464285714,3292.4553571428573,0.06696428571428571,0.049107142857142856,0.22767857142857142,0.4,0.5454545454545454,0.6274509803921569,11.053571428571429,1366.34375
Gnar,0.4847457627118644,137.42033898305084,4.220338983050848,8.36949152542373,101461.41355932203,3663.3830508474575,0.0576271186440678,0.030508474576271188,0.41694915254237286,0.35294117647058826,0.7777777777777778,0.6016260162601627,16.969491525423727,1479.3627118644067
Brand,0.5018181818181818,55.087272727272726,7.509090909090909,15.88,74696.9709090909,2579.938181818182,0.06909090909090909,0.01818181818181818,0.2581818181818182,0.42105263157894735,0.6,0.6338028169014085,19.21090909090909,1407.76
Urgot,0.4666666666666667,121.76666666666667,6.522222222222222,8.28888888888889,99965.98888888888,3344.4944444444445,0.07777777777777778,0.044444444444444446,0.3888888888888889,0.35714285714285715,0.75,0.6714285714285714,15.472222222222221,1413.9388888888889
Rammus,0.5019305019305019,65.84169884169884,4.482625482625482,12.72972972972973,78568.63706563707,4084.5714285714284,0.05791505791505792,0.02702702702702703,0.33204633204633205,0.5333333333333333,0.5714285714285714,0.6511627906976745,14.664092664092664,1423.046332046332
Sona,0.535632183908046,45.55172413793103,3.659770114942529,17.358620689655172,37667.425287356324,10501.383908045977,0.04367816091954023,0.01839080459770115,0.3563218390804598,0.47368421052631576,0.875,0.6193548387096774,29.46206896551724,1420.2620689655173
Nami,0.4906832298136646,14.872670807453416,2.1366459627329193,16.16304347826087,17610.291925465837,10144.445652173914,0.052795031055900624,0.012422360248447204,0.4052795031055901,0.7058823529411765,0.625,0.6206896551724138,39.66614906832298,1472.832298136646
Warwick,0.4823529411764706,39.9,6.729411764705882,8.970588235294118,99734.78235294118,14703.811764705883,0.14705882352941177,0.06470588235294118,0.47058823529411764,0.64,0.5454545454545454,0.65,16.03529411764706,1462.7470588235294
Shaco,0.49919743178170145,32.52648475120385,6.776886035313002,10.443017656500803,83475.03852327447,4254.573033707865,0.14446227929373998,0.03691813804173355,0.4189406099518459,0.5666666666666667,0.6956521739130435,0.6245210727969349,24.70465489566613,1480.064205457464
Riven,0.4523076923076923,129.85846153846154,6.827692307692308,7.224615384615385,106741.08307692308,4039.889230769231,0.10153846153846154,0.03076923076923077,0.4153846153846154,0.42424242424242425,0.6,0.6,14.49846153846154,1451.0646153846153
Teemo,0.48056537102473496,83.6678445229682,6.310954063604241,11.858657243816255,80822.36042402827,2908.8233215547702,0.05653710247349823,0.04240282685512368,0.2968197879858657,0.6875,0.75,0.5714285714285714,11.770318021201414,1381.226148409894
MasterYi,0.4532710280373832,64.82943925233644,9.14018691588785,6.920560747663552,118320.96261682243,7021.544392523365,0.17523364485981308,0.06775700934579439,0.3855140186915888,0.5866666666666667,0.6896551724137931,0.5333333333333333,13.939252336448599,1353.6214953271028
Vi,0.456,38.616,6.528,8.88,118669.44,5001.976,0.056,0.016,0.488,0.42857142857142855,0.5,0.5081967213114754,21.08,1474.68
Veigar,0.5409356725146199,120.3157894736842,7.0321637426900585,12.283625730994151,107043.97660818713,2105.2017543859647,0.038011695906432746,0.03508771929824561,0.2719298245614035,0.6923076923076923,0.6666666666666666,0.7311827956989247,14.0,1404.5672514619882
KogMaw,0.5,109.78921568627452,9.730392156862745,15.348039215686274,106347.70588235294,2964.1617647058824,0.09313725490196079,0.058823529411764705,0.22058823529411764,0.5789473684210527,0.6666666666666666,0.5111111111111111,8.843137254901961,1358.1960784313726
Swain,0.4444444444444444,58.02681992337165,5.6130268199233715,14.540229885057471,60913.23754789272,9568.337164750958,0.1111111111111111,0.022988505747126436,0.31800766283524906,0.5862068965517241,0.5,0.4939759036144578,22.35632183908046,1418.6590038314175
Xerath,0.46875,81.06597222222223,7.409722222222222,16.18402777777778,90812.29166666667,1834.2118055555557,0.0798611111111111,0.020833333333333332,0.2847222222222222,0.34782608695652173,1.0,0.5365853658536586,15.663194444444445,1420.2222222222222
DrMundo,0.4712041884816754,63.30890052356021,5.544502617801047,11.633507853403142,88684.58638743455,9168.48167539267,0.09424083769633508,0.05235602094240838,0.3403141361256545,0.5,0.6,0.5846153846153846,10.832460732984293,1341.0523560209424
Udyr,0.4936708860759494,52.70886075949367,5.848101265822785,8.670886075949367,90560.08860759494,6503.810126582279,0.16455696202531644,0.05063291139240506,0.4936708860759494,0.5384615384615384,0.75,0.717948717948718,12.0,1362.886075949367
Annie,0.44,85.17333333333333,7.58,13.306666666666667,74907.72666666667,1574.3066666666666,0.08,0.04,0.2733333333333333,0.5,0.8333333333333334,0.5609756097560976,12.04,1344.1266666666668
Zyra,0.457286432160804,47.02512562814071,4.452261306532663,14.261306532663317,61826.668341708544,1552.4522613065326,0.02512562814070352,0.04020100502512563,0.32160804020100503,0.8,0.375,0.65625,30.979899497487438,1408.8040201005026
